00
00
00
00
00
00
00
00
00
00
00
00
00
00
00
00
00
00
00
00
00
00
00
00
00
00
00
00
00
00
00
00
00
00
00
00
00
00
00
00
00
00
00
00
00
00
00
00
00
00
00
00
00
00
00
00
00
00
00
00
00
00
00
00
00
00
00
00
00
00
00
00
00
00
00
00
00
00
00
00
00
00
00
00
00
00
00
00
00
00
00
00
00
00
00
00
00
00
00
00
00
00
00
00
00
00
00
00
00
00
00
00
00
00
00
00
00
00
00
00
00
00
00
00
00
00
00
00
00
00
00
00
00
00
00
00
00
00
00
00
00
00
00
00
00
00
00
00
00
00
00
00
00
00
00
00
00
00
00
00
00
00
00
00
00
00
00
00
00
00
00
00
00
00
00
00
00
00
00
00
00
00
00
00
00
00
00
00
00
00
00
00
00
00
00
00
00
00
00
00
00
00
00
00
00
00
00
00
00
00
00
00
00
00
00
00
00
00
00
00
00
00
00
00
00
00
00
00
00
00
00
00
00
00
00
00
00
00
00
00
00
00
00
00
00
00
00
00
00
00
00
00
00
00
00
00
00
00
00
00
00
00
00
00
00
00
00
00
00
00
00
00
00
00
00
00
00
00
00
00
00
00
00
00
00
00
00
00
00
00
00
00
00
00
00
00
00
00
00
00
00
00
00
00
00
00
00
00
00
00
00
00
00
00
00
00
00
00
00
00
00
00
00
00
00
00
00
00
00
00
00
00
00
00
00
00
00
00
00
00
00
00
00
00
00
00
00
00
00
00
00
00
00
00
00
00
00
00
00
00
00
00
00
00
00
00
00
00
00
00
00
00
00
00
00
00
00
00
00
00
00
00
00
00
00
00
00
00
00
00
00
00
00
00
00
00
00
00
00
00
00
00
00
00
00
00
00
00
00
00
00
00
00
00
00
00
00
00
00
00
00
00
00
00
00
00
00
00
00
00
00
00
00
00
00
00
00
00
00
00
00
00
00
00
00
00
00
00
00
00
00
00
00
00
00
00
00
00
00
00
00
00
00
00
00
00
00
00
00
00
00
00
00
00
00
00
00
00
00
00
00
00
00
00
00
00
00
00
00
00
00
00
00
00
00
00
00
00
00
00
00
00
00
00
00
00
00
00
00
00
00
00
00
00
00
00
00
00
00
00
00
00
00
00
00
00
00
00
00
18
18
18
18
18
18
18
18
00
18
18
00
00
00
00
00
66
66
66
24
00
00
00
00
00
00
00
00
00
00
00
00
00
24
24
7E
24
24
24
7E
24
24
00
00
00
00
00
00
08
3E
49
48
3E
09
49
3E
08
00
00
00
00
00
00
00
61
92
94
68
08
16
29
49
86
00
00
00
00
00
00
00
00
38
44
44
38
4A
44
44
3B
00
00
00
00
00
00
00
18
18
18
08
00
00
00
00
00
00
00
00
00
00
00
00
00
00
0C
10
20
20
20
20
20
10
0C
00
00
00
00
00
00
00
30
08
04
04
04
04
04
08
30
00
00
00
00
00
00
08
49
2A
1C
2A
49
08
00
00
00
00
00
00
00
00
00
00
00
00
08
08
7F
08
08
00
00
00
00
00
00
00
00
00
00
00
00
00
00
00
00
00
00
18
18
08
10
00
00
00
00
00
00
00
00
7E
00
00
00
00
00
00
00
00
00
00
00
00
00
00
00
00
00
00
00
18
18
00
00
00
00
02
04
04
08
08
10
10
20
40
00
00
00
00
00
00
00
3C
42
42
42
42
42
42
42
3C
00
00
00
00
00
00
00
08
18
28
08
08
08
08
08
3E
00
00
00
00
00
00
00
3C
42
02
04
08
10
20
40
7E
00
00
00
00
00
00
00
3C
42
02
02
1C
02
02
42
3C
00
00
00
00
00
00
00
04
0C
14
24
44
44
7E
04
04
00
00
00
00
00
00
00
7E
40
40
7C
02
02
02
42
3C
00
00
00
00
00
00
00
1C
20
40
40
7C
42
42
42
3C
00
00
00
00
00
00
00
7E
02
04
04
08
08
10
10
10
00
00
00
00
00
00
00
3C
42
42
42
3C
42
42
42
3C
00
00
00
00
00
00
00
3C
42
42
42
3E
02
02
04
38
00
00
00
00
00
00
00
00
00
00
00
18
18
00
00
00
00
18
18
00
00
00
00
00
00
00
00
18
18
00
00
00
00
18
18
08
10
00
00
00
00
00
04
08
10
20
10
08
04
00
00
00
00
00
00
00
00
00
00
7E
00
00
7E
00
00
00
00
00
00
00
00
00
00
00
20
10
08
04
08
10
20
00
00
00
00
00
3C
42
02
04
08
08
08
00
08
08
00
00
00
00
00
00
00
3C
42
42
4E
52
52
4E
40
3C
00
00
00
00
00
00
00
18
24
24
42
42
7E
42
42
42
00
00
00
00
00
00
00
7C
42
42
42
7C
42
42
42
7C
00
00
00
00
00
00
00
3C
42
40
40
40
40
40
42
3C
00
00
00
00
00
00
00
78
44
42
42
42
42
42
44
78
00
00
00
00
00
00
00
7E
40
40
40
7C
40
40
40
7E
00
00
00
00
00
00
00
7E
40
40
40
7C
40
40
40
40
00
00
00
00
00
00
00
3C
42
40
40
40
4E
42
42
3C
00
00
00
00
00
00
00
42
42
42
42
7E
42
42
42
42
00
00
00
00
00
00
00
3E
08
08
08
08
08
08
08
3E
00
00
00
00
00
00
00
0F
04
04
04
04
04
44
44
38
00
00
00
00
00
00
00
42
44
48
50
60
50
48
44
42
00
00
00
00
00
00
00
40
40
40
40
40
40
40
40
7E
00
00
00
00
00
00
00
42
66
66
5A
5A
42
42
42
42
00
00
00
00
00
00
00
42
62
52
4A
46
42
42
42
42
00
00
00
00
00
00
00
3C
42
42
42
42
42
42
42
3C
00
00
00
00
00
00
00
7C
42
42
42
7C
40
40
40
40
00
00
00
00
00
00
00
3C
42
42
42
42
42
4A
44
3A
00
00
00
00
00
00
00
7C
42
42
42
7C
48
44
42
42
00
00
00
00
00
00
00
3C
42
40
40
3C
02
02
42
3C
00
00
00
00
00
00
00
7F
08
08
08
08
08
08
08
08
00
00
00
00
00
00
00
42
42
42
42
42
42
42
42
3C
00
00
00
00
00
00
00
42
42
42
42
42
24
24
18
18
00
00
00
00
00
00
00
42
42
42
42
5A
5A
66
66
42
00
00
00
00
00
00
00
42
42
24
24
18
24
24
42
42
00
00
00
00
00
00
00
41
22
14
08
08
08
08
08
08
00
00
00
00
00
00
00
7E
02
04
08
10
20
40
40
7E
00
00
00
00
00
00
00
3C
20
20
20
20
20
20
20
20
3C
00
00
00
00
00
00
40
20
10
10
08
04
04
02
02
00
00
00
00
00
00
00
3C
04
04
04
04
04
04
04
04
3C
00
00
00
00
00
00
08
14
22
41
00
00
00
00
00
00
00
00
00
00
00
00
00
00
00
00
00
00
00
00
00
00
00
7F
00
00
00
10
08
00
00
00
00
00
00
00
00
00
00
00
00
00
00
00
00
00
3C
02
3E
42
42
3E
00
00
00
00
00
00
00
00
40
40
5C
62
42
42
42
62
5C
00
00
00
00
00
00
00
00
00
3C
42
40
40
40
42
3C
00
00
00
00
00
00
00
02
02
3A
46
42
42
42
46
3A
00
00
00
00
00
00
00
00
00
3C
42
42
7E
40
42
3C
00
00
00
00
00
00
00
0E
10
10
7C
10
10
10
10
10
00
00
00
00
00
00
00
00
00
3A
46
42
42
46
3A
02
42
3C
00
00
00
00
00
40
40
5C
62
42
42
42
42
42
00
00
00
00
00
00
00
00
08
00
18
08
08
08
08
3E
00
00
00
00
00
00
00
00
04
00
0C
04
04
04
04
44
44
38
00
00
00
00
00
40
40
44
48
50
60
50
48
44
00
00
00
00
00
00
00
18
08
08
08
08
08
08
08
3E
00
00
00
00
00
00
00
00
00
6C
52
52
52
52
52
52
00
00
00
00
00
00
00
00
00
5C
62
42
42
42
42
42
00
00
00
00
00
00
00
00
00
3C
42
42
42
42
42
3C
00
00
00
00
00
00
00
00
00
5C
62
42
42
62
5C
40
40
40
00
00
00
00
00
00
00
3A
46
42
42
46
3A
02
02
02
00
00
00
00
00
00
00
2E
30
20
20
20
20
20
00
00
00
00
00
00
00
00
00
3C
42
40
3C
02
42
3C
00
00
00
00
00
00
00
00
10
10
7C
10
10
10
10
0E
00
00
00
00
00
00
00
00
00
42
42
42
42
42
46
3A
00
00
00
00
00
00
00
00
00
42
42
42
24
24
18
18
00
00
00
00
00
00
00
00
00
42
42
42
5A
5A
66
42
00
00
00
00
00
00
00
00
00
42
24
18
18
18
24
42
00
00
00
00
00
00
00
00
00
42
42
24
24
18
10
20
20
40
00
00
00
00
00
00
00
7E
04
08
10
20
40
7E
00
00
00
00
00
00
00
0C
10
10
10
60
10
10
10
10
0C
00
00
00
00
00
08
08
08
08
08
08
08
08
08
08
08
08
08
08
00
00
00
30
08
08
08
06
08
08
08
08
30
00
00
00
00
00
00
00
00
32
4C
00
00
00
00
00
00
00
00
00
00
00
00
00
00
00
00
00
00
00
00
00
00
00
00
00
00
